Beispieldatei - generiert von generate_examples.py
Slewrate: 30 mV/s
Number Time U[V] I[A]
1	0.000000	0.070000	0.775265
2	0.166667	0.075000	0.856429
3	0.333333	0.080000	0.920928
4	0.500000	0.085000	1.012220
5	0.666667	0.090000	1.099944
6	0.833333	0.095000	1.199373
7	1.000000	0.100000	1.298623
8	1.166667	0.105000	1.418706
9	1.333333	0.110000	1.513997
10	1.500000	0.115000	1.634580
11	1.666667	0.120000	1.738479
12	1.833333	0.125000	1.822218
13	2.000000	0.130000	1.894877
14	2.166667	0.135000	1.967024
15	2.333333	0.140000	2.007409
16	2.500000	0.145000	2.049387
17	2.666667	0.150000	2.031686
18	2.833333	0.155000	2.036675
19	3.000000	0.160000	1.990588
20	3.166667	0.165000	1.947534
21	3.333333	0.170000	1.911378
22	3.500000	0.175000	1.827504
23	3.666667	0.180000	1.720431
24	3.833333	0.185000	1.612899
25	4.000000	0.190000	1.492867
26	4.166667	0.195000	1.408968
27	4.333333	0.200000	1.330622
28	4.500000	0.205000	1.205426
29	4.666667	0.210000	1.094916
30	4.833333	0.215000	1.011063
31	5.000000	0.220000	0.904403
32	5.166667	0.225000	0.839124
33	5.333333	0.230000	0.774029
34	5.500000	0.235000	0.711969
35	5.666667	0.240000	0.669098
36	5.833333	0.245000	0.621035
37	6.000000	0.250000	0.588019
38	6.166667	0.255000	0.544764
39	6.333333	0.260000	0.536671
40	6.500000	0.265000	0.524935
41	6.666667	0.270000	0.484016
42	6.833333	0.275000	0.473308
43	7.000000	0.280000	0.486758
44	7.166667	0.285000	0.464889
45	7.333333	0.290000	0.475953
46	7.500000	0.295000	0.453918
47	7.666667	0.300000	0.470321
48	7.833333	0.305000	0.455256
49	8.000000	0.310000	0.455241
50	8.166667	0.315000	0.467418
51	8.333333	0.320000	0.447547
52	8.500000	0.325000	0.441346
53	8.666667	0.330000	0.446000
54	8.833333	0.335000	0.454831
55	9.000000	0.340000	0.434535
56	9.166667	0.345000	0.456494
57	9.333333	0.350000	0.444685
58	9.500000	0.355000	0.461522
59	9.666667	0.360000	0.426083
60	9.833333	0.365000	0.442150
61	10.000000	0.370000	0.433144
62	10.166667	0.375000	0.441743
63	10.333333	0.380000	0.452480
64	10.500000	0.385000	0.448209
65	10.666667	0.390000	0.447467
66	10.833333	0.395000	0.448409
67	11.000000	0.400000	0.452034
68	11.166667	0.405000	0.439915
69	11.333333	0.410000	0.457069
70	11.500000	0.415000	0.456627
71	11.666667	0.420000	0.453850
72	11.833333	0.425000	0.455565
73	12.000000	0.430000	0.452964
74	12.166667	0.435000	0.470351
75	12.333333	0.440000	0.449129
76	12.500000	0.445000	0.446929
77	12.666667	0.450000	0.442465
78	12.833333	0.455000	0.439677
79	13.000000	0.460000	0.437555
80	13.166667	0.465000	0.441112
81	13.333333	0.470000	0.449293
82	13.500000	0.475000	0.453343
83	13.666667	0.480000	0.450511
84	13.833333	0.485000	0.442345
85	14.000000	0.490000	0.459002
86	14.166667	0.495000	0.457394
87	14.333333	0.500000	0.448404
88	14.500000	0.505000	0.443471
89	14.666667	0.510000	0.455484
90	14.833333	0.515000	0.451880
91	15.000000	0.520000	0.435519
92	15.166667	0.525000	0.449320
93	15.333333	0.530000	0.452620
94	15.500000	0.535000	0.441003
95	15.666667	0.540000	0.451898
96	15.833333	0.545000	0.435452
97	16.000000	0.550000	0.463362
98	16.166667	0.555000	0.462479
99	16.333333	0.560000	0.447475
100	16.500000	0.565000	0.453635
101	16.666667	0.570000	0.425901
102	16.833333	0.575000	0.438437
103	17.000000	0.580000	0.447062
104	17.166667	0.585000	0.439279
105	17.333333	0.590000	0.457144
106	17.500000	0.595000	0.469973
107	17.666667	0.600000	0.438234
108	17.833333	0.605000	0.441625
109	18.000000	0.610000	0.452354
110	18.166667	0.615000	0.466111
111	18.333333	0.620000	0.437776
112	18.500000	0.625000	0.452490
113	18.666667	0.630000	0.468213
114	18.833333	0.635000	0.433482
115	19.000000	0.640000	0.437189
116	19.166667	0.645000	0.445764
117	19.333333	0.650000	0.444794
118	19.500000	0.655000	0.458126
119	19.666667	0.660000	0.452417
120	19.833333	0.665000	0.432250
121	20.000000	0.670000	0.455154
122	20.166667	0.675000	0.444225
123	20.333333	0.680000	0.462744
124	20.500000	0.685000	0.443724
125	20.666667	0.690000	0.443634
126	20.833333	0.695000	0.455411
127	21.000000	0.700000	0.457629
128	21.166667	0.705000	0.454481
129	21.333333	0.710000	0.433144
130	21.500000	0.715000	0.455380
131	21.666667	0.720000	0.439657
132	21.833333	0.725000	0.452353
133	22.000000	0.730000	0.435763
134	22.166667	0.735000	0.454463
135	22.333333	0.740000	0.441934
136	22.500000	0.745000	0.437174
137	22.666667	0.750000	0.457138
138	22.833333	0.755000	0.452416
139	23.000000	0.760000	0.443860
140	23.166667	0.765000	0.464512
141	23.333333	0.770000	0.445593
142	23.500000	0.775000	0.450321
143	23.666667	0.780000	0.452689
144	23.833333	0.785000	0.443803
145	24.000000	0.790000	0.454711
146	24.166667	0.795000	0.444665
147	24.333333	0.800000	0.445884
148	24.500000	0.805000	0.463626
149	24.666667	0.810000	0.439594
150	24.833333	0.815000	0.425872
151	25.000000	0.820000	0.466109
152	25.166667	0.825000	0.475493
153	25.333333	0.830000	0.445947
154	25.500000	0.835000	0.430632
155	25.666667	0.840000	0.446895
156	25.833333	0.845000	0.447138
157	26.000000	0.850000	-0.451899
158	26.166667	0.845000	-0.461134
159	26.333333	0.840000	-0.444204
160	26.500000	0.835000	-0.444755
161	26.666667	0.830000	-0.464944
162	26.833333	0.825000	-0.443008
163	27.000000	0.820000	-0.429473
164	27.166667	0.815000	-0.448280
165	27.333333	0.810000	-0.453373
166	27.500000	0.805000	-0.451420
167	27.666667	0.800000	-0.443847
168	27.833333	0.795000	-0.467307
169	28.000000	0.790000	-0.448356
170	28.166667	0.785000	-0.453905
171	28.333333	0.780000	-0.431522
172	28.500000	0.775000	-0.451742
173	28.666667	0.770000	-0.433321
174	28.833333	0.765000	-0.461037
175	29.000000	0.760000	-0.444127
176	29.166667	0.755000	-0.446806
177	29.333333	0.750000	-0.458690
178	29.500000	0.745000	-0.448226
179	29.666667	0.740000	-0.437875
180	29.833333	0.735000	-0.453238
181	30.000000	0.730000	-0.466920
182	30.166667	0.725000	-0.450176
183	30.333333	0.720000	-0.459024
184	30.500000	0.715000	-0.453423
185	30.666667	0.710000	-0.450816
186	30.833333	0.705000	-0.467057
187	31.000000	0.700000	-0.466157
188	31.166667	0.695000	-0.445179
189	31.333333	0.690000	-0.455227
190	31.500000	0.685000	-0.475647
191	31.666667	0.680000	-0.442152
192	31.833333	0.675000	-0.447276
193	32.000000	0.670000	-0.457139
194	32.166667	0.665000	-0.463168
195	32.333333	0.660000	-0.441642
196	32.500000	0.655000	-0.446506
197	32.666667	0.650000	-0.426174
198	32.833333	0.645000	-0.445798
199	33.000000	0.640000	-0.446123
200	33.166667	0.635000	-0.451669
201	33.333333	0.630000	-0.441832
202	33.500000	0.625000	-0.443749
203	33.666667	0.620000	-0.437483
204	33.833333	0.615000	-0.455213
205	34.000000	0.610000	-0.454354
206	34.166667	0.605000	-0.454791
207	34.333333	0.600000	-0.442092
208	34.500000	0.595000	-0.435016
209	34.666667	0.590000	-0.454588
210	34.833333	0.585000	-0.454248
211	35.000000	0.580000	-0.446859
212	35.166667	0.575000	-0.452458
213	35.333333	0.570000	-0.440479
214	35.500000	0.565000	-0.472518
215	35.666667	0.560000	-0.458267
216	35.833333	0.555000	-0.457824
217	36.000000	0.550000	-0.473204
218	36.166667	0.545000	-0.459636
219	36.333333	0.540000	-0.459152
220	36.500000	0.535000	-0.452011
221	36.666667	0.530000	-0.438870
222	36.833333	0.525000	-0.452451
223	37.000000	0.520000	-0.460308
224	37.166667	0.515000	-0.450570
225	37.333333	0.510000	-0.439508
226	37.500000	0.505000	-0.459760
227	37.666667	0.500000	-0.459106
228	37.833333	0.495000	-0.444415
229	38.000000	0.490000	-0.452215
230	38.166667	0.485000	-0.443525
231	38.333333	0.480000	-0.450136
232	38.500000	0.475000	-0.442983
233	38.666667	0.470000	-0.460351
234	38.833333	0.465000	-0.450121
235	39.000000	0.460000	-0.452107
236	39.166667	0.455000	-0.462159
237	39.333333	0.450000	-0.465635
238	39.500000	0.445000	-0.443143
239	39.666667	0.440000	-0.453510
240	39.833333	0.435000	-0.460223
241	40.000000	0.430000	-0.450962
242	40.166667	0.425000	-0.438720
243	40.333333	0.420000	-0.472807
244	40.500000	0.415000	-0.464966
245	40.666667	0.410000	-0.459229
246	40.833333	0.405000	-0.435388
247	41.000000	0.400000	-0.447174
248	41.166667	0.395000	-0.442327
249	41.333333	0.390000	-0.461403
250	41.500000	0.385000	-0.461197
251	41.666667	0.380000	-0.445525
252	41.833333	0.375000	-0.449422
253	42.000000	0.370000	-0.444522
254	42.166667	0.365000	-0.451892
255	42.333333	0.360000	-0.447245
256	42.500000	0.355000	-0.448463
257	42.666667	0.350000	-0.442295
258	42.833333	0.345000	-0.442049
259	43.000000	0.340000	-0.466391
260	43.166667	0.335000	-0.472780
261	43.333333	0.330000	-0.440468
262	43.500000	0.325000	-0.438880
263	43.666667	0.320000	-0.461371
264	43.833333	0.315000	-0.470369
265	44.000000	0.310000	-0.451668
266	44.166667	0.305000	-0.444633
267	44.333333	0.300000	-0.437795
268	44.500000	0.295000	-0.453181
269	44.666667	0.290000	-0.465632
270	44.833333	0.285000	-0.475733
271	45.000000	0.280000	-0.473286
272	45.166667	0.275000	-0.485178
273	45.333333	0.270000	-0.503869
274	45.500000	0.265000	-0.488158
275	45.666667	0.260000	-0.509841
276	45.833333	0.255000	-0.540287
277	46.000000	0.250000	-0.590545
278	46.166667	0.245000	-0.609038
279	46.333333	0.240000	-0.654794
280	46.500000	0.235000	-0.708405
281	46.666667	0.230000	-0.760538
282	46.833333	0.225000	-0.835743
283	47.000000	0.220000	-0.912612
284	47.166667	0.215000	-1.000043
285	47.333333	0.210000	-1.097104
286	47.500000	0.205000	-1.218914
287	47.666667	0.200000	-1.305582
288	47.833333	0.195000	-1.419965
289	48.000000	0.190000	-1.535310
290	48.166667	0.185000	-1.611106
291	48.333333	0.180000	-1.710336
292	48.500000	0.175000	-1.804960
293	48.666667	0.170000	-1.895188
294	48.833333	0.165000	-1.948978
295	49.000000	0.160000	-2.010375
296	49.166667	0.155000	-2.038003
297	49.333333	0.150000	-2.060935
298	49.500000	0.145000	-2.036061
299	49.666667	0.140000	-2.009892
300	49.833333	0.135000	-1.975511
301	50.000000	0.130000	-1.898252
302	50.166667	0.125000	-1.819350
303	50.333333	0.120000	-1.709650
304	50.500000	0.115000	-1.618982
305	50.666667	0.110000	-1.522398
306	50.833333	0.105000	-1.411915
307	51.000000	0.100000	-1.305976
308	51.166667	0.095000	-1.203107
309	51.333333	0.090000	-1.111336
310	51.500000	0.085000	-1.007922
311	51.666667	0.080000	-0.927473
312	51.833333	0.075000	-0.854600
313	52.000000	0.070000	0.778147
314	52.166667	0.075000	0.846010
315	52.333333	0.080000	0.902145
316	52.500000	0.085000	1.005185
317	52.666667	0.090000	1.110468
318	52.833333	0.095000	1.211670
319	53.000000	0.100000	1.316677
320	53.166667	0.105000	1.414792
321	53.333333	0.110000	1.514062
322	53.500000	0.115000	1.617087
323	53.666667	0.120000	1.731072
324	53.833333	0.125000	1.822345
325	54.000000	0.130000	1.910613
326	54.166667	0.135000	1.973484
327	54.333333	0.140000	2.009174
328	54.500000	0.145000	2.027589
329	54.666667	0.150000	2.046809
330	54.833333	0.155000	2.042203
331	55.000000	0.160000	2.008475
332	55.166667	0.165000	1.956706
333	55.333333	0.170000	1.900269
334	55.500000	0.175000	1.813513
335	55.666667	0.180000	1.721345
336	55.833333	0.185000	1.631039
337	56.000000	0.190000	1.518492
338	56.166667	0.195000	1.416844
339	56.333333	0.200000	1.309150
340	56.500000	0.205000	1.189683
341	56.666667	0.210000	1.095699
342	56.833333	0.215000	1.020790
343	57.000000	0.220000	0.908392
344	57.166667	0.225000	0.820930
345	57.333333	0.230000	0.754416
346	57.500000	0.235000	0.713121
347	57.666667	0.240000	0.661499
348	57.833333	0.245000	0.616412
349	58.000000	0.250000	0.593478
350	58.166667	0.255000	0.524919
351	58.333333	0.260000	0.531652
352	58.500000	0.265000	0.524260
353	58.666667	0.270000	0.482440
354	58.833333	0.275000	0.478387
355	59.000000	0.280000	0.465872
356	59.166667	0.285000	0.457859
357	59.333333	0.290000	0.458652
358	59.500000	0.295000	0.472619
359	59.666667	0.300000	0.474144
360	59.833333	0.305000	0.450582
361	60.000000	0.310000	0.471709
362	60.166667	0.315000	0.452127
363	60.333333	0.320000	0.468702
364	60.500000	0.325000	0.449824
365	60.666667	0.330000	0.451796
366	60.833333	0.335000	0.453962
367	61.000000	0.340000	0.481981
368	61.166667	0.345000	0.458632
369	61.333333	0.350000	0.443000
370	61.500000	0.355000	0.459734
371	61.666667	0.360000	0.446408
372	61.833333	0.365000	0.445118
373	62.000000	0.370000	0.459095
374	62.166667	0.375000	0.450316
375	62.333333	0.380000	0.452789
376	62.500000	0.385000	0.450141
377	62.666667	0.390000	0.453367
378	62.833333	0.395000	0.454250
379	63.000000	0.400000	0.430631
380	63.166667	0.405000	0.456666
381	63.333333	0.410000	0.440180
382	63.500000	0.415000	0.435577
383	63.666667	0.420000	0.449416
384	63.833333	0.425000	0.450840
385	64.000000	0.430000	0.443065
386	64.166667	0.435000	0.458310
387	64.333333	0.440000	0.436578
388	64.500000	0.445000	0.445931
389	64.666667	0.450000	0.444151
390	64.833333	0.455000	0.449534
391	65.000000	0.460000	0.452789
392	65.166667	0.465000	0.439921
393	65.333333	0.470000	0.457243
394	65.500000	0.475000	0.450630
395	65.666667	0.480000	0.431081
396	65.833333	0.485000	0.430414
397	66.000000	0.490000	0.449877
398	66.166667	0.495000	0.447790
399	66.333333	0.500000	0.448966
400	66.500000	0.505000	0.449720
401	66.666667	0.510000	0.452256
402	66.833333	0.515000	0.459476
403	67.000000	0.520000	0.438889
404	67.166667	0.525000	0.438280
405	67.333333	0.530000	0.439067
406	67.500000	0.535000	0.452889
407	67.666667	0.540000	0.462449
408	67.833333	0.545000	0.445687
409	68.000000	0.550000	0.424983
410	68.166667	0.555000	0.432960
411	68.333333	0.560000	0.441670
412	68.500000	0.565000	0.444423
413	68.666667	0.570000	0.445916
414	68.833333	0.575000	0.450386
415	69.000000	0.580000	0.446883
416	69.166667	0.585000	0.460493
417	69.333333	0.590000	0.443240
418	69.500000	0.595000	0.441377
419	69.666667	0.600000	0.454789
420	69.833333	0.605000	0.434644
421	70.000000	0.610000	0.453897
422	70.166667	0.615000	0.451026
423	70.333333	0.620000	0.448526
424	70.500000	0.625000	0.465883
425	70.666667	0.630000	0.443778
426	70.833333	0.635000	0.470603
427	71.000000	0.640000	0.447746
428	71.166667	0.645000	0.437230
429	71.333333	0.650000	0.450699
430	71.500000	0.655000	0.439238
431	71.666667	0.660000	0.442482
432	71.833333	0.665000	0.453970
433	72.000000	0.670000	0.455556
434	72.166667	0.675000	0.443778
435	72.333333	0.680000	0.459874
436	72.500000	0.685000	0.461575
437	72.666667	0.690000	0.464363
438	72.833333	0.695000	0.455294
439	73.000000	0.700000	0.463634
440	73.166667	0.705000	0.431192
441	73.333333	0.710000	0.446821
442	73.500000	0.715000	0.441330
443	73.666667	0.720000	0.451192
444	73.833333	0.725000	0.444286
445	74.000000	0.730000	0.448338
446	74.166667	0.735000	0.468822
447	74.333333	0.740000	0.448303
448	74.500000	0.745000	0.454138
449	74.666667	0.750000	0.447677
450	74.833333	0.755000	0.450757
451	75.000000	0.760000	0.450060
452	75.166667	0.765000	0.454483
453	75.333333	0.770000	0.461653
454	75.500000	0.775000	0.466474
455	75.666667	0.780000	0.453096
456	75.833333	0.785000	0.455895
457	76.000000	0.790000	0.438491
458	76.166667	0.795000	0.449121
459	76.333333	0.800000	0.459403
460	76.500000	0.805000	0.458660
461	76.666667	0.810000	0.452116
462	76.833333	0.815000	0.458864
463	77.000000	0.820000	0.454908
464	77.166667	0.825000	0.462003
465	77.333333	0.830000	0.452894
466	77.500000	0.835000	0.446443
467	77.666667	0.840000	0.453358
468	77.833333	0.845000	0.420694
469	78.000000	0.850000	-0.446171
470	78.166667	0.845000	-0.486484
471	78.333333	0.840000	-0.467235
472	78.500000	0.835000	-0.445482
473	78.666667	0.830000	-0.445225
474	78.833333	0.825000	-0.461624
475	79.000000	0.820000	-0.457121
476	79.166667	0.815000	-0.436295
477	79.333333	0.810000	-0.454840
478	79.500000	0.805000	-0.427571
479	79.666667	0.800000	-0.450019
480	79.833333	0.795000	-0.445920
481	80.000000	0.790000	-0.433831
482	80.166667	0.785000	-0.448690
483	80.333333	0.780000	-0.460023
484	80.500000	0.775000	-0.451097
485	80.666667	0.770000	-0.450356
486	80.833333	0.765000	-0.463647
487	81.000000	0.760000	-0.452558
488	81.166667	0.755000	-0.457422
489	81.333333	0.750000	-0.440756
490	81.500000	0.745000	-0.449654
491	81.666667	0.740000	-0.452828
492	81.833333	0.735000	-0.451062
493	82.000000	0.730000	-0.447769
494	82.166667	0.725000	-0.443832
495	82.333333	0.720000	-0.459997
496	82.500000	0.715000	-0.460416
497	82.666667	0.710000	-0.438953
498	82.833333	0.705000	-0.454123
499	83.000000	0.700000	-0.464168
500	83.166667	0.695000	-0.445562
501	83.333333	0.690000	-0.445366
502	83.500000	0.685000	-0.465307
503	83.666667	0.680000	-0.447705
504	83.833333	0.675000	-0.442644
505	84.000000	0.670000	-0.446256
506	84.166667	0.665000	-0.443680
507	84.333333	0.660000	-0.464043
508	84.500000	0.655000	-0.446690
509	84.666667	0.650000	-0.453026
510	84.833333	0.645000	-0.454828
511	85.000000	0.640000	-0.441294
512	85.166667	0.635000	-0.435207
513	85.333333	0.630000	-0.432056
514	85.500000	0.625000	-0.436852
515	85.666667	0.620000	-0.451097
516	85.833333	0.615000	-0.446473
517	86.000000	0.610000	-0.442332
518	86.166667	0.605000	-0.448788
519	86.333333	0.600000	-0.448692
520	86.500000	0.595000	-0.441762
521	86.666667	0.590000	-0.450593
522	86.833333	0.585000	-0.457293
523	87.000000	0.580000	-0.454145
524	87.166667	0.575000	-0.443661
525	87.333333	0.570000	-0.449970
526	87.500000	0.565000	-0.446598
527	87.666667	0.560000	-0.443299
528	87.833333	0.555000	-0.453748
529	88.000000	0.550000	-0.442438
530	88.166667	0.545000	-0.446212
531	88.333333	0.540000	-0.462348
532	88.500000	0.535000	-0.435577
533	88.666667	0.530000	-0.455007
534	88.833333	0.525000	-0.466551
535	89.000000	0.520000	-0.460450
536	89.166667	0.515000	-0.460210
537	89.333333	0.510000	-0.449478
538	89.500000	0.505000	-0.452739
539	89.666667	0.500000	-0.453368
540	89.833333	0.495000	-0.443803
541	90.000000	0.490000	-0.446601
542	90.166667	0.485000	-0.446840
543	90.333333	0.480000	-0.445902
544	90.500000	0.475000	-0.443839
545	90.666667	0.470000	-0.471080
546	90.833333	0.465000	-0.453644
547	91.000000	0.460000	-0.471802
548	91.166667	0.455000	-0.449639
549	91.333333	0.450000	-0.450046
550	91.500000	0.445000	-0.439545
551	91.666667	0.440000	-0.438124
552	91.833333	0.435000	-0.447972
553	92.000000	0.430000	-0.455004
554	92.166667	0.425000	-0.445148
555	92.333333	0.420000	-0.455279
556	92.500000	0.415000	-0.450014
557	92.666667	0.410000	-0.440139
558	92.833333	0.405000	-0.455578
559	93.000000	0.400000	-0.441943
560	93.166667	0.395000	-0.443226
561	93.333333	0.390000	-0.459549
562	93.500000	0.385000	-0.440263
563	93.666667	0.380000	-0.443017
564	93.833333	0.375000	-0.448986
565	94.000000	0.370000	-0.457632
566	94.166667	0.365000	-0.458607
567	94.333333	0.360000	-0.455403
568	94.500000	0.355000	-0.444618
569	94.666667	0.350000	-0.459629
570	94.833333	0.345000	-0.445744
571	95.000000	0.340000	-0.462610
572	95.166667	0.335000	-0.452348
573	95.333333	0.330000	-0.449389
574	95.500000	0.325000	-0.426306
575	95.666667	0.320000	-0.464938
576	95.833333	0.315000	-0.437051
577	96.000000	0.310000	-0.451160
578	96.166667	0.305000	-0.449830
579	96.333333	0.300000	-0.454587
580	96.500000	0.295000	-0.453896
581	96.666667	0.290000	-0.463451
582	96.833333	0.285000	-0.452262
583	97.000000	0.280000	-0.477965
584	97.166667	0.275000	-0.470863
585	97.333333	0.270000	-0.500162
586	97.500000	0.265000	-0.509248
587	97.666667	0.260000	-0.538412
588	97.833333	0.255000	-0.547097
589	98.000000	0.250000	-0.566885
590	98.166667	0.245000	-0.618362
591	98.333333	0.240000	-0.663159
592	98.500000	0.235000	-0.723977
593	98.666667	0.230000	-0.775327
594	98.833333	0.225000	-0.858025
595	99.000000	0.220000	-0.929141
596	99.166667	0.215000	-1.004144
597	99.333333	0.210000	-1.087321
598	99.500000	0.205000	-1.172985
599	99.666667	0.200000	-1.312284
600	99.833333	0.195000	-1.400050
601	100.000000	0.190000	-1.520075
602	100.166667	0.185000	-1.629437
603	100.333333	0.180000	-1.723300
604	100.500000	0.175000	-1.817933
605	100.666667	0.170000	-1.896636
606	100.833333	0.165000	-1.966568
607	101.000000	0.160000	-2.024477
608	101.166667	0.155000	-2.055467
609	101.333333	0.150000	-2.043468
610	101.500000	0.145000	-2.042798
611	101.666667	0.140000	-2.016457
612	101.833333	0.135000	-1.962399
613	102.000000	0.130000	-1.889791
614	102.166667	0.125000	-1.816749
615	102.333333	0.120000	-1.734186
616	102.500000	0.115000	-1.615661
617	102.666667	0.110000	-1.506720
618	102.833333	0.105000	-1.409457
619	103.000000	0.100000	-1.296682
620	103.166667	0.095000	-1.188658
621	103.333333	0.090000	-1.089210
622	103.500000	0.085000	-1.000271
623	103.666667	0.080000	-0.914029
624	103.833333	0.075000	-0.836900
625	104.000000	0.070000	0.762061
626	104.166667	0.075000	0.849104
627	104.333333	0.080000	0.906454
628	104.500000	0.085000	0.998466
629	104.666667	0.090000	1.113547
630	104.833333	0.095000	1.209480
631	105.000000	0.100000	1.321292
632	105.166667	0.105000	1.411686
633	105.333333	0.110000	1.510990
634	105.500000	0.115000	1.625520
635	105.666667	0.120000	1.728646
636	105.833333	0.125000	1.819342
637	106.000000	0.130000	1.909077
638	106.166667	0.135000	1.958872
639	106.333333	0.140000	2.014016
640	106.500000	0.145000	2.030145
641	106.666667	0.150000	2.054503
642	106.833333	0.155000	2.040062
643	107.000000	0.160000	2.002998
644	107.166667	0.165000	1.960126
645	107.333333	0.170000	1.895898
646	107.500000	0.175000	1.815851
647	107.666667	0.180000	1.745339
648	107.833333	0.185000	1.626940
649	108.000000	0.190000	1.520073
650	108.166667	0.195000	1.393428
651	108.333333	0.200000	1.297476
652	108.500000	0.205000	1.198447
653	108.666667	0.210000	1.093653
654	108.833333	0.215000	1.020229
655	109.000000	0.220000	0.918363
656	109.166667	0.225000	0.854981
657	109.333333	0.230000	0.773651
658	109.500000	0.235000	0.713203
659	109.666667	0.240000	0.660302
660	109.833333	0.245000	0.617626
661	110.000000	0.250000	0.598524
662	110.166667	0.255000	0.528451
663	110.333333	0.260000	0.507677
664	110.500000	0.265000	0.503214
665	110.666667	0.270000	0.493863
666	110.833333	0.275000	0.489086
667	111.000000	0.280000	0.478131
668	111.166667	0.285000	0.462960
669	111.333333	0.290000	0.472105
670	111.500000	0.295000	0.468646
671	111.666667	0.300000	0.457611
672	111.833333	0.305000	0.463568
673	112.000000	0.310000	0.455385
674	112.166667	0.315000	0.446156
675	112.333333	0.320000	0.458143
676	112.500000	0.325000	0.451863
677	112.666667	0.330000	0.450499
678	112.833333	0.335000	0.465037
679	113.000000	0.340000	0.425684
680	113.166667	0.345000	0.435942
681	113.333333	0.350000	0.438202
682	113.500000	0.355000	0.446411
683	113.666667	0.360000	0.447480
684	113.833333	0.365000	0.434942
685	114.000000	0.370000	0.440157
686	114.166667	0.375000	0.441397
687	114.333333	0.380000	0.474577
688	114.500000	0.385000	0.468019
689	114.666667	0.390000	0.445883
690	114.833333	0.395000	0.446365
691	115.000000	0.400000	0.438508
692	115.166667	0.405000	0.430919
693	115.333333	0.410000	0.448831
694	115.500000	0.415000	0.440022
695	115.666667	0.420000	0.449152
696	115.833333	0.425000	0.433998
697	116.000000	0.430000	0.442380
698	116.166667	0.435000	0.451486
699	116.333333	0.440000	0.453662
700	116.500000	0.445000	0.454175
701	116.666667	0.450000	0.436795
702	116.833333	0.455000	0.458547
703	117.000000	0.460000	0.441998
704	117.166667	0.465000	0.456329
705	117.333333	0.470000	0.449894
706	117.500000	0.475000	0.436236
707	117.666667	0.480000	0.446838
708	117.833333	0.485000	0.453654
709	118.000000	0.490000	0.456130
710	118.166667	0.495000	0.448590
711	118.333333	0.500000	0.465318
712	118.500000	0.505000	0.460075
713	118.666667	0.510000	0.447433
714	118.833333	0.515000	0.457501
715	119.000000	0.520000	0.469338
716	119.166667	0.525000	0.469605
717	119.333333	0.530000	0.437720
718	119.500000	0.535000	0.440735
719	119.666667	0.540000	0.464849
720	119.833333	0.545000	0.439417
721	120.000000	0.550000	0.436775
722	120.166667	0.555000	0.445138
723	120.333333	0.560000	0.454202
724	120.500000	0.565000	0.448976
725	120.666667	0.570000	0.443494
726	120.833333	0.575000	0.443258
727	121.000000	0.580000	0.442877
728	121.166667	0.585000	0.441205
729	121.333333	0.590000	0.472816
730	121.500000	0.595000	0.452975
731	121.666667	0.600000	0.458868
732	121.833333	0.605000	0.445109
733	122.000000	0.610000	0.448140
734	122.166667	0.615000	0.442864
735	122.333333	0.620000	0.423483
736	122.500000	0.625000	0.436220
737	122.666667	0.630000	0.431894
738	122.833333	0.635000	0.427502
739	123.000000	0.640000	0.438046
740	123.166667	0.645000	0.463250
741	123.333333	0.650000	0.449556
742	123.500000	0.655000	0.462906
743	123.666667	0.660000	0.454110
744	123.833333	0.665000	0.457826
745	124.000000	0.670000	0.440991
746	124.166667	0.675000	0.455240
747	124.333333	0.680000	0.457287
748	124.500000	0.685000	0.444234
749	124.666667	0.690000	0.455595
750	124.833333	0.695000	0.455662
751	125.000000	0.700000	0.444504
752	125.166667	0.705000	0.438772
753	125.333333	0.710000	0.438159
754	125.500000	0.715000	0.450865
755	125.666667	0.720000	0.453270
756	125.833333	0.725000	0.442075
757	126.000000	0.730000	0.450266
758	126.166667	0.735000	0.455705
759	126.333333	0.740000	0.456182
760	126.500000	0.745000	0.465519
761	126.666667	0.750000	0.462770
762	126.833333	0.755000	0.439987
763	127.000000	0.760000	0.466836
764	127.166667	0.765000	0.444690
765	127.333333	0.770000	0.460449
766	127.500000	0.775000	0.450680
767	127.666667	0.780000	0.445879
768	127.833333	0.785000	0.431923
769	128.000000	0.790000	0.448284
770	128.166667	0.795000	0.434406
771	128.333333	0.800000	0.459673
772	128.500000	0.805000	0.465168
773	128.666667	0.810000	0.442031
774	128.833333	0.815000	0.453020
775	129.000000	0.820000	0.442746
776	129.166667	0.825000	0.443715
777	129.333333	0.830000	0.457745
778	129.500000	0.835000	0.449615
779	129.666667	0.840000	0.467396
780	129.833333	0.845000	0.445178
781	130.000000	0.850000	-0.440007
782	130.166667	0.845000	-0.449026
783	130.333333	0.840000	-0.442042
784	130.500000	0.835000	-0.454472
785	130.666667	0.830000	-0.450496
786	130.833333	0.825000	-0.451155
787	131.000000	0.820000	-0.458361
788	131.166667	0.815000	-0.443379
789	131.333333	0.810000	-0.443498
790	131.500000	0.805000	-0.444064
791	131.666667	0.800000	-0.434630
792	131.833333	0.795000	-0.435507
793	132.000000	0.790000	-0.453749
794	132.166667	0.785000	-0.446269
795	132.333333	0.780000	-0.456236
796	132.500000	0.775000	-0.449766
797	132.666667	0.770000	-0.455997
798	132.833333	0.765000	-0.433799
799	133.000000	0.760000	-0.446363
800	133.166667	0.755000	-0.452180
801	133.333333	0.750000	-0.438064
802	133.500000	0.745000	-0.471706
803	133.666667	0.740000	-0.470141
804	133.833333	0.735000	-0.442042
805	134.000000	0.730000	-0.449395
806	134.166667	0.725000	-0.447496
807	134.333333	0.720000	-0.463264
808	134.500000	0.715000	-0.450232
809	134.666667	0.710000	-0.429965
810	134.833333	0.705000	-0.441758
811	135.000000	0.700000	-0.448303
812	135.166667	0.695000	-0.454391
813	135.333333	0.690000	-0.453946
814	135.500000	0.685000	-0.471292
815	135.666667	0.680000	-0.447424
816	135.833333	0.675000	-0.441545
817	136.000000	0.670000	-0.465756
818	136.166667	0.665000	-0.456614
819	136.333333	0.660000	-0.461575
820	136.500000	0.655000	-0.459654
821	136.666667	0.650000	-0.449465
822	136.833333	0.645000	-0.470844
823	137.000000	0.640000	-0.443857
824	137.166667	0.635000	-0.442461
825	137.333333	0.630000	-0.452511
826	137.500000	0.625000	-0.474807
827	137.666667	0.620000	-0.459964
828	137.833333	0.615000	-0.437671
829	138.000000	0.610000	-0.477780
830	138.166667	0.605000	-0.453475
831	138.333333	0.600000	-0.461800
832	138.500000	0.595000	-0.441954
833	138.666667	0.590000	-0.456751
834	138.833333	0.585000	-0.445960
835	139.000000	0.580000	-0.444345
836	139.166667	0.575000	-0.431638
837	139.333333	0.570000	-0.452029
838	139.500000	0.565000	-0.446240
839	139.666667	0.560000	-0.464851
840	139.833333	0.555000	-0.438096
841	140.000000	0.550000	-0.457605
842	140.166667	0.545000	-0.455608
843	140.333333	0.540000	-0.450222
844	140.500000	0.535000	-0.465629
845	140.666667	0.530000	-0.447712
846	140.833333	0.525000	-0.440325
847	141.000000	0.520000	-0.447071
848	141.166667	0.515000	-0.465889
849	141.333333	0.510000	-0.451238
850	141.500000	0.505000	-0.442580
851	141.666667	0.500000	-0.468780
852	141.833333	0.495000	-0.460748
853	142.000000	0.490000	-0.441235
854	142.166667	0.485000	-0.447299
855	142.333333	0.480000	-0.445880
856	142.500000	0.475000	-0.431405
857	142.666667	0.470000	-0.445314
858	142.833333	0.465000	-0.443421
859	143.000000	0.460000	-0.422893
860	143.166667	0.455000	-0.452138
861	143.333333	0.450000	-0.457979
862	143.500000	0.445000	-0.445722
863	143.666667	0.440000	-0.445610
864	143.833333	0.435000	-0.455267
865	144.000000	0.430000	-0.460324
866	144.166667	0.425000	-0.426902
867	144.333333	0.420000	-0.446732
868	144.500000	0.415000	-0.457323
869	144.666667	0.410000	-0.440841
870	144.833333	0.405000	-0.451092
871	145.000000	0.400000	-0.452529
872	145.166667	0.395000	-0.444378
873	145.333333	0.390000	-0.462920
874	145.500000	0.385000	-0.446475
875	145.666667	0.380000	-0.430873
876	145.833333	0.375000	-0.445343
877	146.000000	0.370000	-0.453771
878	146.166667	0.365000	-0.455086
879	146.333333	0.360000	-0.454129
880	146.500000	0.355000	-0.452583
881	146.666667	0.350000	-0.453851
882	146.833333	0.345000	-0.440956
883	147.000000	0.340000	-0.467525
884	147.166667	0.335000	-0.441688
885	147.333333	0.330000	-0.454283
886	147.500000	0.325000	-0.446987
887	147.666667	0.320000	-0.462435
888	147.833333	0.315000	-0.438485
889	148.000000	0.310000	-0.440202
890	148.166667	0.305000	-0.444345
891	148.333333	0.300000	-0.470918
892	148.500000	0.295000	-0.450053
893	148.666667	0.290000	-0.457866
894	148.833333	0.285000	-0.482855
895	149.000000	0.280000	-0.473644
896	149.166667	0.275000	-0.478540
897	149.333333	0.270000	-0.488157
898	149.500000	0.265000	-0.506873
899	149.666667	0.260000	-0.524780
900	149.833333	0.255000	-0.536911
901	150.000000	0.250000	-0.569076
902	150.166667	0.245000	-0.646259
903	150.333333	0.240000	-0.664365
904	150.500000	0.235000	-0.714477
905	150.666667	0.230000	-0.790555
906	150.833333	0.225000	-0.841155
907	151.000000	0.220000	-0.907525
908	151.166667	0.215000	-1.017278
909	151.333333	0.210000	-1.097147
910	151.500000	0.205000	-1.210236
911	151.666667	0.200000	-1.313137
912	151.833333	0.195000	-1.399629
913	152.000000	0.190000	-1.527938
914	152.166667	0.185000	-1.623302
915	152.333333	0.180000	-1.746338
916	152.500000	0.175000	-1.799929
917	152.666667	0.170000	-1.891713
918	152.833333	0.165000	-1.964309
919	153.000000	0.160000	-2.004740
920	153.166667	0.155000	-2.054129
921	153.333333	0.150000	-2.038175
922	153.500000	0.145000	-2.043271
923	153.666667	0.140000	-2.012537
924	153.833333	0.135000	-1.967401
925	154.000000	0.130000	-1.903546
926	154.166667	0.125000	-1.811606
927	154.333333	0.120000	-1.725067
928	154.500000	0.115000	-1.621407
929	154.666667	0.110000	-1.522600
930	154.833333	0.105000	-1.409271
931	155.000000	0.100000	-1.310607
932	155.166667	0.095000	-1.178780
933	155.333333	0.090000	-1.116191
934	155.500000	0.085000	-0.993803
935	155.666667	0.080000	-0.906333
936	155.833333	0.075000	-0.850618
937	156.000000	0.070000	0.795327
938	156.166667	0.075000	0.852052
939	156.333333	0.080000	0.929724
940	156.500000	0.085000	1.006692
941	156.666667	0.090000	1.098339
942	156.833333	0.095000	1.198983
943	157.000000	0.100000	1.310324
944	157.166667	0.105000	1.428415
945	157.333333	0.110000	1.524325
946	157.500000	0.115000	1.618810
947	157.666667	0.120000	1.735870
948	157.833333	0.125000	1.827764
949	158.000000	0.130000	1.904286
950	158.166667	0.135000	1.969939
951	158.333333	0.140000	2.007787
952	158.500000	0.145000	2.030741
953	158.666667	0.150000	2.041318
954	158.833333	0.155000	2.023677
955	159.000000	0.160000	2.012865
956	159.166667	0.165000	1.961650
957	159.333333	0.170000	1.893340
958	159.500000	0.175000	1.788996
959	159.666667	0.180000	1.715153
960	159.833333	0.185000	1.639132
961	160.000000	0.190000	1.515866
962	160.166667	0.195000	1.418009
963	160.333333	0.200000	1.292511
964	160.500000	0.205000	1.215465
965	160.666667	0.210000	1.099071
966	160.833333	0.215000	1.009312
967	161.000000	0.220000	0.943270
968	161.166667	0.225000	0.857261
969	161.333333	0.230000	0.769969
970	161.500000	0.235000	0.706898
971	161.666667	0.240000	0.657935
972	161.833333	0.245000	0.622687
973	162.000000	0.250000	0.580284
974	162.166667	0.255000	0.547695
975	162.333333	0.260000	0.542364
976	162.500000	0.265000	0.507503
977	162.666667	0.270000	0.516714
978	162.833333	0.275000	0.483093
979	163.000000	0.280000	0.491254
980	163.166667	0.285000	0.470375
981	163.333333	0.290000	0.471544
982	163.500000	0.295000	0.451098
983	163.666667	0.300000	0.447233
984	163.833333	0.305000	0.458538
985	164.000000	0.310000	0.462544
986	164.166667	0.315000	0.452174
987	164.333333	0.320000	0.438301
988	164.500000	0.325000	0.437154
989	164.666667	0.330000	0.436214
990	164.833333	0.335000	0.432632
991	165.000000	0.340000	0.451287
992	165.166667	0.345000	0.461369
993	165.333333	0.350000	0.449938
994	165.500000	0.355000	0.427440
995	165.666667	0.360000	0.448118
996	165.833333	0.365000	0.448387
997	166.000000	0.370000	0.470969
998	166.166667	0.375000	0.435434
999	166.333333	0.380000	0.446096
1000	166.500000	0.385000	0.467060
1001	166.666667	0.390000	0.454501
1002	166.833333	0.395000	0.455634
1003	167.000000	0.400000	0.451146
1004	167.166667	0.405000	0.453300
1005	167.333333	0.410000	0.457776
1006	167.500000	0.415000	0.441905
1007	167.666667	0.420000	0.458781
1008	167.833333	0.425000	0.436270
1009	168.000000	0.430000	0.453284
1010	168.166667	0.435000	0.451787
1011	168.333333	0.440000	0.443837
1012	168.500000	0.445000	0.449773
1013	168.666667	0.450000	0.443775
1014	168.833333	0.455000	0.439283
1015	169.000000	0.460000	0.446464
1016	169.166667	0.465000	0.438960
1017	169.333333	0.470000	0.453228
1018	169.500000	0.475000	0.438499
1019	169.666667	0.480000	0.457120
1020	169.833333	0.485000	0.438185
1021	170.000000	0.490000	0.444337
1022	170.166667	0.495000	0.443754
1023	170.333333	0.500000	0.463251
1024	170.500000	0.505000	0.453303
1025	170.666667	0.510000	0.447883
1026	170.833333	0.515000	0.454987
1027	171.000000	0.520000	0.428928
1028	171.166667	0.525000	0.449569
1029	171.333333	0.530000	0.469975
1030	171.500000	0.535000	0.451323
1031	171.666667	0.540000	0.450679
1032	171.833333	0.545000	0.455481
1033	172.000000	0.550000	0.458956
1034	172.166667	0.555000	0.430025
1035	172.333333	0.560000	0.433177
1036	172.500000	0.565000	0.452103
1037	172.666667	0.570000	0.442851
1038	172.833333	0.575000	0.463120
1039	173.000000	0.580000	0.446848
1040	173.166667	0.585000	0.430655
1041	173.333333	0.590000	0.437320
1042	173.500000	0.595000	0.422503
1043	173.666667	0.600000	0.447659
1044	173.833333	0.605000	0.448116
1045	174.000000	0.610000	0.445755
1046	174.166667	0.615000	0.460789
1047	174.333333	0.620000	0.461985
1048	174.500000	0.625000	0.448296
1049	174.666667	0.630000	0.428653
1050	174.833333	0.635000	0.456173
1051	175.000000	0.640000	0.455554
1052	175.166667	0.645000	0.453094
1053	175.333333	0.650000	0.459815
1054	175.500000	0.655000	0.438352
1055	175.666667	0.660000	0.470088
1056	175.833333	0.665000	0.440406
1057	176.000000	0.670000	0.457492
1058	176.166667	0.675000	0.433127
1059	176.333333	0.680000	0.440697
1060	176.500000	0.685000	0.465164
1061	176.666667	0.690000	0.447391
1062	176.833333	0.695000	0.458399
1063	177.000000	0.700000	0.452370
1064	177.166667	0.705000	0.448950
1065	177.333333	0.710000	0.463639
1066	177.500000	0.715000	0.447633
1067	177.666667	0.720000	0.432193
1068	177.833333	0.725000	0.441968
1069	178.000000	0.730000	0.455512
1070	178.166667	0.735000	0.453955
1071	178.333333	0.740000	0.434329
1072	178.500000	0.745000	0.442757
1073	178.666667	0.750000	0.444183
1074	178.833333	0.755000	0.446345
1075	179.000000	0.760000	0.436241
1076	179.166667	0.765000	0.443716
1077	179.333333	0.770000	0.442714
1078	179.500000	0.775000	0.457715
1079	179.666667	0.780000	0.458091
1080	179.833333	0.785000	0.448542
1081	180.000000	0.790000	0.446080
1082	180.166667	0.795000	0.451399
1083	180.333333	0.800000	0.441834
1084	180.500000	0.805000	0.438532
1085	180.666667	0.810000	0.440598
1086	180.833333	0.815000	0.443652
1087	181.000000	0.820000	0.438365
1088	181.166667	0.825000	0.451621
1089	181.333333	0.830000	0.457297
1090	181.500000	0.835000	0.434129
1091	181.666667	0.840000	0.450251
1092	181.833333	0.845000	0.447801
1093	182.000000	0.850000	-0.446585
1094	182.166667	0.845000	-0.450129
1095	182.333333	0.840000	-0.464536
1096	182.500000	0.835000	-0.462624
1097	182.666667	0.830000	-0.449706
1098	182.833333	0.825000	-0.439712
1099	183.000000	0.820000	-0.472142
1100	183.166667	0.815000	-0.446543
1101	183.333333	0.810000	-0.438104
1102	183.500000	0.805000	-0.451530
1103	183.666667	0.800000	-0.444498
1104	183.833333	0.795000	-0.457031
1105	184.000000	0.790000	-0.451194
1106	184.166667	0.785000	-0.466209
1107	184.333333	0.780000	-0.473443
1108	184.500000	0.775000	-0.440572
1109	184.666667	0.770000	-0.459850
1110	184.833333	0.765000	-0.454555
1111	185.000000	0.760000	-0.463864
1112	185.166667	0.755000	-0.464100
1113	185.333333	0.750000	-0.451738
1114	185.500000	0.745000	-0.457296
1115	185.666667	0.740000	-0.446220
1116	185.833333	0.735000	-0.445475
1117	186.000000	0.730000	-0.446792
1118	186.166667	0.725000	-0.447614
1119	186.333333	0.720000	-0.434222
1120	186.500000	0.715000	-0.460676
1121	186.666667	0.710000	-0.450549
1122	186.833333	0.705000	-0.438673
1123	187.000000	0.700000	-0.437355
1124	187.166667	0.695000	-0.464218
1125	187.333333	0.690000	-0.453124
1126	187.500000	0.685000	-0.436419
1127	187.666667	0.680000	-0.444919
1128	187.833333	0.675000	-0.448047
1129	188.000000	0.670000	-0.452177
1130	188.166667	0.665000	-0.453838
1131	188.333333	0.660000	-0.447118
1132	188.500000	0.655000	-0.452524
1133	188.666667	0.650000	-0.450426
1134	188.833333	0.645000	-0.449214
1135	189.000000	0.640000	-0.456781
1136	189.166667	0.635000	-0.444679
1137	189.333333	0.630000	-0.420858
1138	189.500000	0.625000	-0.467770
1139	189.666667	0.620000	-0.446760
1140	189.833333	0.615000	-0.457602
1141	190.000000	0.610000	-0.444226
1142	190.166667	0.605000	-0.449534
1143	190.333333	0.600000	-0.442381
1144	190.500000	0.595000	-0.438245
1145	190.666667	0.590000	-0.448076
1146	190.833333	0.585000	-0.438679
1147	191.000000	0.580000	-0.473443
1148	191.166667	0.575000	-0.434095
1149	191.333333	0.570000	-0.446249
1150	191.500000	0.565000	-0.439222
1151	191.666667	0.560000	-0.462199
1152	191.833333	0.555000	-0.458308
1153	192.000000	0.550000	-0.448541
1154	192.166667	0.545000	-0.450170
1155	192.333333	0.540000	-0.447169
1156	192.500000	0.535000	-0.439155
1157	192.666667	0.530000	-0.467652
1158	192.833333	0.525000	-0.440262
1159	193.000000	0.520000	-0.449917
1160	193.166667	0.515000	-0.452038
1161	193.333333	0.510000	-0.464711
1162	193.500000	0.505000	-0.444970
1163	193.666667	0.500000	-0.474141
1164	193.833333	0.495000	-0.443516
1165	194.000000	0.490000	-0.464921
1166	194.166667	0.485000	-0.449465
1167	194.333333	0.480000	-0.451192
1168	194.500000	0.475000	-0.438305
1169	194.666667	0.470000	-0.451787
1170	194.833333	0.465000	-0.456941
1171	195.000000	0.460000	-0.455066
1172	195.166667	0.455000	-0.437271
1173	195.333333	0.450000	-0.444637
1174	195.500000	0.445000	-0.453856
1175	195.666667	0.440000	-0.452364
1176	195.833333	0.435000	-0.465672
1177	196.000000	0.430000	-0.446115
1178	196.166667	0.425000	-0.467598
1179	196.333333	0.420000	-0.442482
1180	196.500000	0.415000	-0.448714
1181	196.666667	0.410000	-0.426131
1182	196.833333	0.405000	-0.461001
1183	197.000000	0.400000	-0.451027
1184	197.166667	0.395000	-0.432018
1185	197.333333	0.390000	-0.438087
1186	197.500000	0.385000	-0.456964
1187	197.666667	0.380000	-0.447763
1188	197.833333	0.375000	-0.449985
1189	198.000000	0.370000	-0.447189
1190	198.166667	0.365000	-0.457002
1191	198.333333	0.360000	-0.450919
1192	198.500000	0.355000	-0.466024
1193	198.666667	0.350000	-0.448721
1194	198.833333	0.345000	-0.445619
1195	199.000000	0.340000	-0.452467
1196	199.166667	0.335000	-0.466458
1197	199.333333	0.330000	-0.440600
1198	199.500000	0.325000	-0.447112
1199	199.666667	0.320000	-0.458425
1200	199.833333	0.315000	-0.454577
1201	200.000000	0.310000	-0.467665
1202	200.166667	0.305000	-0.464195
1203	200.333333	0.300000	-0.461149
1204	200.500000	0.295000	-0.446060
1205	200.666667	0.290000	-0.468310
1206	200.833333	0.285000	-0.460400
1207	201.000000	0.280000	-0.478784
1208	201.166667	0.275000	-0.479706
1209	201.333333	0.270000	-0.495132
1210	201.500000	0.265000	-0.499915
1211	201.666667	0.260000	-0.533041
1212	201.833333	0.255000	-0.567373
1213	202.000000	0.250000	-0.595155
1214	202.166667	0.245000	-0.622907
1215	202.333333	0.240000	-0.673681
1216	202.500000	0.235000	-0.708728
1217	202.666667	0.230000	-0.777692
1218	202.833333	0.225000	-0.818351
1219	203.000000	0.220000	-0.937389
1220	203.166667	0.215000	-1.004376
1221	203.333333	0.210000	-1.111791
1222	203.500000	0.205000	-1.206012
1223	203.666667	0.200000	-1.305004
1224	203.833333	0.195000	-1.437656
1225	204.000000	0.190000	-1.520144
1226	204.166667	0.185000	-1.608895
1227	204.333333	0.180000	-1.732160
1228	204.500000	0.175000	-1.815954
1229	204.666667	0.170000	-1.887491
1230	204.833333	0.165000	-1.964124
1231	205.000000	0.160000	-2.016305
1232	205.166667	0.155000	-2.062789
1233	205.333333	0.150000	-2.043590
1234	205.500000	0.145000	-2.041163
1235	205.666667	0.140000	-2.020623
1236	205.833333	0.135000	-1.961218
1237	206.000000	0.130000	-1.903577
1238	206.166667	0.125000	-1.823837
1239	206.333333	0.120000	-1.721563
1240	206.500000	0.115000	-1.641308
1241	206.666667	0.110000	-1.512039
1242	206.833333	0.105000	-1.428380
1243	207.000000	0.100000	-1.313045
1244	207.166667	0.095000	-1.181848
1245	207.333333	0.090000	-1.089238
1246	207.500000	0.085000	-1.005436
1247	207.666667	0.080000	-0.929418
1248	207.833333	0.075000	-0.847390
