Beispieldatei - generiert von generate_examples.py
Slewrate: 0.35 mV/s
Number Time U[V] I[A]
1	0.000000	0.050000	0.810514
2	14.285714	0.055000	0.820617
3	28.571429	0.060000	0.833608
4	42.857143	0.065000	0.841528
5	57.142857	0.070000	0.851153
6	71.428571	0.075000	0.855378
7	85.714286	0.080000	0.856263
8	100.000000	0.085000	0.863990
9	114.285714	0.090000	0.865841
10	128.571429	0.095000	0.870656
11	142.857143	0.100000	0.877753
12	157.142857	0.105000	0.878646
13	171.428571	0.110000	0.878278
14	185.714286	0.115000	0.879668
15	200.000000	0.120000	0.883539
16	214.285714	0.125000	0.882615
17	228.571429	0.130000	0.885108
18	242.857143	0.135000	0.888330
19	257.142857	0.140000	0.891149
20	271.428571	0.145000	0.891084
21	285.714286	0.150000	0.886222
22	300.000000	0.155000	0.892277
23	314.285714	0.160000	0.892613
24	328.571429	0.165000	0.894043
25	342.857143	0.170000	0.897149
26	357.142857	0.175000	0.890452
27	371.428571	0.180000	0.894026
28	385.714286	0.185000	0.896993
29	400.000000	0.190000	0.893226
30	414.285714	0.195000	0.899901
31	428.571429	0.200000	0.898228
32	442.857143	0.205000	0.899712
33	457.142857	0.210000	0.897393
34	471.428571	0.215000	0.900669
35	485.714286	0.220000	0.901676
36	500.000000	0.225000	0.900495
37	514.285714	0.230000	0.900982
38	528.571429	0.235000	0.901532
39	542.857143	0.240000	0.899739
40	557.142857	0.245000	0.901641
41	571.428571	0.250000	0.902099
42	585.714286	0.255000	0.903635
43	600.000000	0.260000	0.905331
44	614.285714	0.265000	0.901675
45	628.571429	0.270000	0.904001
46	642.857143	0.275000	0.907671
47	657.142857	0.280000	0.903677
48	671.428571	0.285000	0.903976
49	685.714286	0.290000	0.906479
50	700.000000	0.295000	0.908217
51	714.285714	0.300000	0.907005
52	728.571429	0.305000	0.910093
53	742.857143	0.310000	0.909601
54	757.142857	0.315000	0.910023
55	771.428571	0.320000	0.909899
56	785.714286	0.325000	0.913897
57	800.000000	0.330000	0.909283
58	814.285714	0.335000	0.906137
59	828.571429	0.340000	0.913804
60	842.857143	0.345000	0.910131
61	857.142857	0.350000	0.911712
62	871.428571	0.355000	0.914566
63	885.714286	0.360000	0.909193
64	900.000000	0.365000	0.910345
65	914.285714	0.370000	0.910096
66	928.571429	0.375000	0.912160
67	942.857143	0.380000	0.915078
68	957.142857	0.385000	0.915697
69	971.428571	0.390000	0.915652
70	985.714286	0.395000	0.912724
71	1000.000000	0.400000	0.911379
72	1014.285714	0.405000	0.916558
73	1028.571429	0.410000	0.915956
74	1042.857143	0.415000	0.918268
75	1057.142857	0.420000	0.919204
76	1071.428571	0.425000	0.918526
77	1085.714286	0.430000	0.920220
78	1100.000000	0.435000	0.919608
79	1114.285714	0.440000	0.920660
80	1128.571429	0.445000	0.918641
81	1142.857143	0.450000	0.920141
82	1157.142857	0.455000	0.921343
83	1171.428571	0.460000	0.923041
84	1185.714286	0.465000	0.921062
85	1200.000000	0.470000	0.923342
86	1214.285714	0.475000	0.922218
87	1228.571429	0.480000	0.922965
88	1242.857143	0.485000	0.925309
89	1257.142857	0.490000	0.920114
90	1271.428571	0.495000	0.921957
91	1285.714286	0.500000	0.922036
92	1300.000000	0.505000	0.920783
93	1314.285714	0.510000	0.924543
94	1328.571429	0.515000	0.927849
95	1342.857143	0.520000	0.926230
96	1357.142857	0.525000	0.927646
97	1371.428571	0.530000	0.929878
98	1385.714286	0.535000	0.930805
99	1400.000000	0.540000	0.928462
100	1414.285714	0.545000	0.931757
101	1428.571429	0.550000	0.929684
102	1442.857143	0.555000	0.928275
103	1457.142857	0.560000	0.929211
104	1471.428571	0.565000	0.927889
105	1485.714286	0.570000	0.929524
106	1500.000000	0.575000	0.931034
107	1514.285714	0.580000	0.933807
108	1528.571429	0.585000	0.936092
109	1542.857143	0.590000	0.930336
110	1557.142857	0.595000	0.934336
111	1571.428571	0.600000	0.931919
112	1585.714286	0.605000	0.935399
113	1600.000000	0.610000	0.934638
114	1614.285714	0.615000	0.931688
115	1628.571429	0.620000	0.937657
116	1642.857143	0.625000	0.935040
117	1657.142857	0.630000	0.935632
118	1671.428571	0.635000	0.935010
119	1685.714286	0.640000	0.936291
120	1700.000000	0.645000	0.938906
121	1714.285714	0.650000	0.938122
122	1728.571429	0.655000	0.939607
123	1742.857143	0.660000	0.940124
124	1757.142857	0.665000	0.942491
125	1771.428571	0.670000	0.939614
126	1785.714286	0.675000	0.937796
127	1800.000000	0.680000	0.943334
128	1814.285714	0.685000	0.940987
129	1828.571429	0.690000	0.944329
130	1842.857143	0.695000	0.943317
131	1857.142857	0.700000	0.942738
132	1871.428571	0.705000	0.944148
133	1885.714286	0.710000	0.947802
134	1900.000000	0.715000	0.948504
135	1914.285714	0.720000	0.944939
136	1928.571429	0.725000	0.945570
137	1942.857143	0.730000	0.947852
138	1957.142857	0.735000	0.944459
139	1971.428571	0.740000	0.947266
140	1985.714286	0.745000	0.946998
141	2000.000000	0.750000	0.948128
142	2014.285714	0.755000	0.946283
143	2028.571429	0.760000	0.945221
144	2042.857143	0.765000	0.944704
145	2057.142857	0.770000	0.947065
146	2071.428571	0.775000	0.948833
147	2085.714286	0.780000	0.949614
148	2100.000000	0.785000	0.954524
149	2114.285714	0.790000	0.953312
150	2128.571429	0.795000	0.949626
151	2142.857143	0.800000	0.952695
152	2157.142857	0.805000	0.951636
153	2171.428571	0.810000	0.952331
154	2185.714286	0.815000	0.953721
155	2200.000000	0.820000	0.955038
156	2214.285714	0.825000	0.953571
157	2228.571429	0.830000	0.956828
158	2242.857143	0.835000	0.952866
159	2257.142857	0.840000	0.955613
160	2271.428571	0.845000	0.961245
